_viz_0 = nengo_gui.components.Pointer(output_spa,args='default')
_viz_config[_viz_0].show_pairs = False
_viz_config[_viz_0].max_size = 1000.0
_viz_config[_viz_0].x = 0.18458274190199442
_viz_config[_viz_0].y = 1.1603065837758144
_viz_config[_viz_0].width = 0.1278625618020361
_viz_config[_viz_0].height = 0.1357205253761452
_viz_config[_viz_0].label_visible = True
_viz_1 = nengo_gui.components.SpaSimilarity(output_spa,args='default')
_viz_config[_viz_1].max_value = 1.5
_viz_config[_viz_1].min_value = -1.5
_viz_config[_viz_1].show_pairs = False
_viz_config[_viz_1].x = 0.5329184267887789
_viz_config[_viz_1].y = 1.1489491426876706
_viz_config[_viz_1].width = 0.25801652786828505
_viz_config[_viz_1].height = 0.2198851140960976
_viz_config[_viz_1].label_visible = False
_viz_2 = nengo_gui.components.HTMLView(display_node)
_viz_config[_viz_2].x = 0.002811297942464322
_viz_config[_viz_2].y = 1.1621677948581828
_viz_config[_viz_2].width = 0.06396207740500715
_viz_config[_viz_2].height = 0.14641387944710543
_viz_config[_viz_2].label_visible = True
_viz_net_graph = nengo_gui.components.NetGraph()
_viz_progress = nengo_gui.components.Progress()
_viz_config[_viz_progress].x = 0
_viz_config[_viz_progress].y = 0
_viz_config[_viz_progress].width = 100
_viz_config[_viz_progress].height = 100
_viz_config[_viz_progress].label_visible = True
_viz_sim_control = nengo_gui.components.SimControl()
_viz_config[_viz_sim_control].shown_time = 0.5
_viz_config[_viz_sim_control].kept_time = 4.0
_viz_config[display_node].pos=(0.3157673205563954, 0.5990010452664117)
_viz_config[display_node].size=(0.04395604395604395, 0.05128205128205128)
_viz_config[ens].pos=(0.25681374684564934, 0.12522096454771084)
_viz_config[ens].size=(0.10989010989010989, 0.25641025641025644)
_viz_config[ens].expanded=False
_viz_config[ens].has_layout=False
_viz_config[input_node].pos=(0.07142857142857142, 0.6025641025641025)
_viz_config[input_node].size=(0.04395604395604395, 0.05128205128205128)
_viz_config[model].pos=(0.45242175684322694, 0.02495591902486648)
_viz_config[model].size=(0.5949361676792883, 0.5949361676792883)
_viz_config[model].expanded=True
_viz_config[model].has_layout=True
_viz_config[output_node].pos=(0.4954185294229291, 0.12033866814858321)
_viz_config[output_node].size=(0.04395604395604395, 0.05128205128205128)
_viz_config[output_spa].pos=(0.7754163397914764, 0.12128012264918638)
_viz_config[output_spa].size=(0.10989010989010989, 0.2573517109108597)
_viz_config[output_spa].expanded=True
_viz_config[output_spa].has_layout=True
_viz_config[output_spa.state_ensembles].pos=(0.5, 0.5)
_viz_config[output_spa.state_ensembles].size=(0.4, 0.4)
_viz_config[output_spa.state_ensembles].expanded=False
_viz_config[output_spa.state_ensembles].has_layout=False