_viz_0 = nengo_gui.components.Pointer(output_spa,args='default')
_viz_config[_viz_0].show_pairs = False
_viz_config[_viz_0].max_size = 1000.0
_viz_config[_viz_0].x = 0.4991996278924436
_viz_config[_viz_0].y = 1.1955446313415499
_viz_config[_viz_0].width = 0.08841732979664015
_viz_config[_viz_0].height = 0.14513788098693758
_viz_config[_viz_0].label_visible = True
_viz_1 = nengo_gui.components.HTMLView(display_node)
_viz_config[_viz_1].x = 0.25980888266951474
_viz_config[_viz_1].y = 1.2167122730721822
_viz_config[_viz_1].width = 0.09332342264047522
_viz_config[_viz_1].height = 0.1596188847721969
_viz_config[_viz_1].label_visible = True
_viz_4 = nengo_gui.components.SpaSimilarity(output_spa,args='default')
_viz_config[_viz_4].max_value = 1.5
_viz_config[_viz_4].min_value = -1.5
_viz_config[_viz_4].show_pairs = False
_viz_config[_viz_4].x = 1.0173970531280467
_viz_config[_viz_4].y = 1.0206920401856658
_viz_config[_viz_4].width = 0.29236988351701326
_viz_config[_viz_4].height = 0.2249662134373245
_viz_config[_viz_4].label_visible = False
_viz_net_graph = nengo_gui.components.NetGraph()
_viz_progress = nengo_gui.components.Progress()
_viz_config[_viz_progress].x = 0
_viz_config[_viz_progress].y = 0
_viz_config[_viz_progress].width = 100
_viz_config[_viz_progress].height = 100
_viz_config[_viz_progress].label_visible = True
_viz_sim_control = nengo_gui.components.SimControl()
_viz_config[_viz_sim_control].shown_time = 0.5
_viz_config[_viz_sim_control].kept_time = 4.0
_viz_config[display_node].pos=(0.33516483516483514, 0.8846153846153846)
_viz_config[display_node].size=(0.04395604395604395, 0.05128205128205128)
_viz_config[ens].pos=(0.33516483516483514, 0.32051282051282054)
_viz_config[ens].size=(0.10989010989010989, 0.25641025641025644)
_viz_config[ens].expanded=True
_viz_config[ens].has_layout=True
_viz_config[ens.ensemble].pos=(0.49999999999999994, 0.7916666666666666)
_viz_config[ens.ensemble].size=(0.09803921568627451, 0.10416666666666666)
_viz_config[ens.error].pos=(0.12745098039215685, 0.1875)
_viz_config[ens.error].size=(0.07843137254901959, 0.08333333333333333)
_viz_config[ens.input].pos=(0.12745098039215685, 0.7916666666666666)
_viz_config[ens.input].size=(0.07843137254901959, 0.08333333333333333)
_viz_config[ens.output].pos=(0.872549019607843, 0.48958333333333326)
_viz_config[ens.output].size=(0.07843137254901959, 0.08333333333333333)
_viz_config[input_node].pos=(0.07142857142857142, 0.6025641025641025)
_viz_config[input_node].size=(0.04395604395604395, 0.05128205128205128)
_viz_config[model].pos=(0.12214991218198956, 0.31103441557904343)
_viz_config[model].size=(0.5225020088280712, 0.5225020088280712)
_viz_config[model].expanded=True
_viz_config[model].has_layout=True
_viz_config[output_node].pos=(0.5989010989010989, 0.32051282051282054)
_viz_config[output_node].size=(0.04395604395604395, 0.05128205128205128)
_viz_config[output_spa].pos=(0.8626373626373627, 0.32051282051282054)
_viz_config[output_spa].size=(0.10989010989010989, 0.25641025641025644)
_viz_config[output_spa].expanded=True
_viz_config[output_spa].has_layout=True
_viz_config[output_spa.input].pos=(0.12745098039215685, 0.5)
_viz_config[output_spa.input].size=(0.07843137254901959, 0.2)
_viz_config[output_spa.output].pos=(0.872549019607843, 0.5)
_viz_config[output_spa.output].size=(0.07843137254901959, 0.2)
_viz_config[output_spa.state_ensembles].pos=(0.49406123674106067, 0.4958193255521269)
_viz_config[output_spa.state_ensembles].size=(0.4, 0.4)
_viz_config[output_spa.state_ensembles].expanded=True
_viz_config[output_spa.state_ensembles].has_layout=True
_viz_config[output_spa.state_ensembles.ea_ensembles[0]].pos=(0.49999999999999994, 0.5)
_viz_config[output_spa.state_ensembles.ea_ensembles[0]].size=(0.09803921568627451, 0.25)